0 0.014422767885839169 0.5205052387992543 0.00715112168155814 0.04274603072571831
0 0.09328598058751686 0.5054798482998006 0.0017676929999357188 0.00980266118146167
0 0.13534903901780548 0.5121488718904672 0.00875811531786333 0.030854277817059905
0 0.1044813695871098 0.6377139979859014 0.04833836858006042 0.19486404833836857
0 0.2339723653811978 0.5092633730229252 0.004109649902256957 0.02199218055802382
0 0.3047805224808957 0.5099298027368048 0.003998578283277043 0.017549315798827125
0 0.3088901723831527 0.5123733783543629 0.00422072152123687 0.01399502399146968
1 0.2857872756353297 0.5985649546827796 0.015772169895148402 0.01132930513595165
0 0.3989692553758664 0.5434734316687401 0.014661453705349214 0.07752799004798305
0 0.4148524968899947 0.5538030922338724 0.017105029322907417 0.08841300870801494
0 0.44162075706415505 0.5670206148924828 0.018660031988626258 0.10107517327172555
0 0.45739292695930345 0.5635773947041053 0.017105029322907417 0.10529589479296253
0 0.5233139328238849 0.5321441265327884 0.01410609561044962 0.05087080149280254
1 0.6497134352230319 0.6008974586813578 0.004776079616136464 0.014661453705349214
0 0.7090256797583083 0.5208148213968367 0.018548960369646372 0.03087791007641727
0 0.8997541614833249 0.5957881642082818 0.04250340619631543 0.14720691902138505
1 0.8615558912386709 0.517522658610272 0.0034743202416918084 0.0018126888217522286
1 0.9806646525679761 0.526737160120846 0.004833836858006091 0.0033232628398791597
1 0.9312688821752269 0.5221299093655591 0.0024169184290030454 0.0022658610271902857