0 0.279262536010782 0.21830661287053485 0.558525072021564 0.4366132257410697
1 0.012003780718336483 0.6077725329336011 0.014177693761814745 0.011909262759924433
0 0.3748582230623818 0.5160901132738658 0.0047258979206049045 0.01720226843100181
0 0.3811436672967864 0.5136326463551513 0.007088846880907385 0.01153119092627597
0 0.4821676272300331 0.5276213042001419 0.012665406427221138 0.07693761814744804
0 0.518966588270912 0.5197763136519375 0.009262759924385633 0.05708884688090732
1 0.6711090260958177 0.6483207370923914 0.017391304347826098 0.030623818525519764
1 0.8573409255375709 0.5831978637464555 0.013988657844990593 0.008506616257088817
1 0.8793636098475898 0.547092003633034 0.008317580340264641 0.0051039697542533125
1 0.9040800559723535 0.5401921926689508 0.0051984877126654006 0.0041587901701323204
1 0.9586641769553402 0.5333868996632798 0.006238185255198481 0.0034026465028356156
1 0.9103655002067581 0.5293226274515596 0.0015122873345935206 0.002835538752362865
1 0.9173598291292533 0.5262035348239603 0.0034026465028355046 0.002646502835538689
0 0.9591367667474007 0.5111751794364366 0.0034026465028355046 0.010018903591682449