0 0.010933850206252175 0.6187565230356344 0.021536371618375495 0.16732104103507106
0 0.01765816808309726 0.5428706326723324 0.010387157695939567 0.0628895184135978
0 0.028045325779036824 0.5547686496694995 0.013031161473087815 0.07082152974504241
0 0.03720491029272899 0.5457034938621341 0.011898016997167138 0.057979225684608116
0 0.06515580736543909 0.5448536355051936 0.010387157695939564 0.05779036827195472
0 0.07544853635505194 0.5524079320113315 0.010576015108593004 0.05741265344664781
0 0.09395656279508971 0.5713881019830028 0.015486307837582619 0.08479697828139754
0 0.12110481586402266 0.5593012275731823 0.011803588290840425 0.0696883852691218
1 0.14650613786591124 0.5449480642115203 0.004815864022662875 0.003210576015108657
1 0.19197355996222853 0.5550519357884797 0.005288007554296509 0.0033994334277620553
1 0.18097261567516526 0.6159584513692162 0.014636449480642105 0.007365439093484416
0 0.2386685552407932 0.5305004721435316 0.0038715769593956617 0.02152974504249283
0 0.2434844192634561 0.5279508970727101 0.0038715769593956617 0.0190745986779981
0 0.2507554296506138 0.5296506137865911 0.0033050047214353007 0.022096317280453248
0 0.25349386213408875 0.5275731822474032 0.0033050047214353007 0.02171860245514634
0 0.24428706326723323 0.5746931067044381 0.01964117091595846 0.07667610953729931
0 0.2682247403210576 0.5815864022662889 0.014258734655335226 0.07195467422096324
0 0.28130311614730874 0.5295561850802644 0.003588290840415509 0.021529745042492943
0 0.2842304060434372 0.5319169027384325 0.005288007554296537 0.02322946175637397
0 0.3122285174693107 0.5296506137865911 0.004815864022662875 0.024362606232294692
0 0.3211048158640226 0.5271954674220963 0.0033050047214353007 0.022474032105760156
0 0.32299338999055716 0.5260623229461756 0.002738432483474995 0.022096317280453248
0 0.3586874409820585 0.5360717658168083 0.007648725212464569 0.03984891406987723
0 0.36704438149197355 0.541643059490085 0.009442870632672351 0.04910292728989607
0 0.3908404154863079 0.5206798866855524 0.002455146364494787 0.021529745042492943
0 0.41850802644003776 0.5239848914069878 0.004343720491029268 0.019830028328611804
0 0.42233238904627 0.5246458923512748 0.004060434372049115 0.024173748819641183
0 0.43144475920679887 0.5202077431539188 0.003966005665722361 0.02171860245514634
0 0.43772426817752597 0.5207743153918791 0.0023607176581680323 0.0190745986779981
0 0.4538715769593957 0.5158640226628894 0.004249291784702569 0.013408876298394712
0 0.46402266288951843 0.5214353163361662 0.006421152030217148 0.022285174693106646
0 0.4762983947119924 0.51671388101983 0.006610009442870657 0.021152030217186035
0 0.49046270066100095 0.5141643059490085 0.0033994334277620553 0.015675165250236045
0 0.49390934844192635 0.5150141643059489 0.004438149197355967 0.01775259678942398
0 0.5833333333333333 0.5101038715769595 0.0023607176581680323 0.01359773371104811
0 0.5938149197355996 0.5124645892351275 0.0025495750708215414 0.015297450424929249
0 0.5966477809254014 0.5123701605288007 0.0036827195467422635 0.019641170915958406
0 0.6014636449480641 0.5125590179414542 0.003305004721435245 0.0192634560906515
0 0.6538715769593957 0.5124645892351274 0.004815864022662875 0.021340887629839433
0 0.7617563739376771 0.5 0.002266288951841333 0.014542020774315434
0 0.7598205854579793 0.5007554296506138 0.0025495750708215414 0.014542020774315434
1 0.7892823418319168 0.5047214353163362 0.002927289896128449 0.002077431539187824
0 0.8362134088762984 0.5048158640226629 0.006137865911236995 0.03172804532577905
0 0.8500472143531634 0.4995278564683664 0.005665722379603388 0.017752596789423924
0 0.8551935788479698 0.5056657223796034 0.006137865911236995 0.030028328611898025
0 0.8163833805476866 0.5137865911237016 0.010670443814919772 0.026251180358829007
0 0.8211048158640226 0.5500472143531634 0.02067988668555243 0.09272898961284226
0 0.865014164305949 0.5142587346553352 0.007648725212464624 0.04457034938621335
0 0.8739848914069877 0.515675165250236 0.007459867799811115 0.03984891406987723
0 0.8801227573182248 0.5016052880075543 0.004249291784702569 0.019263456090651554
0 0.8434844192634561 0.5677053824362606 0.037488196411709085 0.12313503305004725
0 0.8786591123701606 0.5736543909348442 0.030972615675165183 0.0885741265344665
0 0.8797450424929179 0.5014164305949009 0.005193578847969782 0.021152030217186035
0 0.8905571293673277 0.5056657223796034 0.008876298394711934 0.031161473087818692
0 0.9244098205854581 0.5356940509915014 0.013314447592068013 0.06855524079320119
0 0.9445703493862134 0.5421152030217187 0.009065155807365444 0.06591123701605295
0 0.9652030217186025 0.5424929178470255 0.018035882908404077 0.06931067044381489